$ANSIBLE_VAULT;1.1;AES256
34393863393235646638336666306562393161633961336233626638373031616130326236353831
6333333862313038313935323230653739313731653862660a653266363765383737666663643934
62323539316434646562616530323837363532386265336465333233383637323735626165336464
3264613539396161340a383739333363386365663766336162663566643234373132663233353032
30663032626532613038623637653562363439626132646135616338373832653261356264386539
31353337346134373136313834623264313766346665393030363635323538393639373063653539
65366235643661303663376464336266386232663437653139326338363037346364356634393539
30386538313136353931363761333861306132333662306563326231613038643466336637386332
35643232663733616163333834666535663266386232653164626661306136343139396161343036
63313630336162666133353466346434366436653264313766353536633237363362643565663531
61396636353730643333643865383434633439636264383532333430633662336666363430326363
30353436363163386261333132346462663938626234646330366239633562333764663266363639
32343039633462663162636137303838366430346436313138373338373435393363666164386635
64353939336366343366383364666533376330326539313834363564653865346339313630323066
30333435383937386131646366393131623338616565336639306131303966373064313039386338
33383231326337653534386434336338393039653033623164366238333734326133326331313365
62343962343937636437343861623965303936313237323961303237633630323165633766303932
38346637356538653535333634393762356461636239656137356263383361383566353536353261
34333138363539653335363364343135623266613863383061336635303566306430343763376137
31663131383364313434616138623531333032623065316436346530373138343137313437393133
30396665313031636231373331396233623761653265383539353963316563653335656134633866
38333334646162373265313632313963346338623762633739396638363439373965303037643161
66333162633134383063393364333934666331656137616230353933656363366564366161623461
39623464333164653032313362643464313834316466633631386264623636663731306335393335
38376330376564373763353566383763646638353035656436623665303961323439313130626238
38663731353561323530633835306461666263643665303531346535356534646639376434363631
64663531663231313337366231303937646432323239623933346365626635313030663332636339
64373630363864666631313330343231306661333461663963376361316162613935626464653838
65396532653666373032343537613534373138343965633735383564656533393635666430306638
31313533356335313932363032633531643961633635323565613736383866643435666135333162
36323465616636343164623535616162626434353038373164616334396663316333643465316563
35663136333866633432373565663466303865663230316561616561336461646434376661616564
65326633303662373462323732396236366164653136643936356535333231393864356134663732
33306461373833343239646532616365626633636361326339313531393430626163323339616663
66386639656335353930363336373165613331393361633361326230383933656262336163663139
62326666356564306233643730626361633432613864393161643835386633333239663536393163
63653837646361393433306663326135313035623034643966363064623532663965333633383661
38323939366632373561383735663137616438373533363763376165636230306337643066666439
62356430333461323532646263356536313430353064633038336463616230383566336239386533
35343464306239383735666663343230343861616436373235303462373936336366353938386138
38323538313464643661386239643331623462613335396366633761373537666636623364393437
36363337383662396332333030396432363535663230643039373738326139366431393034373835
37336364613237613665646339313735613062613332663866373232303433623965326366393638
34313763666461393737363432356162623335333234626465373431373932393238656638356637
34616239616132323334653432663464343964313531663465386333313635313633366262366436
31346662366633643063383038646234323335656534623362346532306438373731363039656561
64336531616134333530663439346233386362643938663466653664306462336237613531363434
34353732393334316666666539386562376636326336356336316661303266626138623535306366
33653138326137323262356162626138633238383530383631613938303363626366303230653866
39393262393535303461646332306663363431343865313964323665356566643637383166356663
34393238626130343230613331653737343338383566623837623761613964623739356264316238
34616563396264313231363665353435633433363432313161666230336536633738306432393032
64323331656239343634626662656664643863306433396231316336373530623661343538343364
64396531363534656232336262343434396534663134336664386161646362636463616263396235
39666436656134633033366336386263643363363565323734323431306461346663353962303765
33323239366364386231633866363464656532336464353934616164626662303233656538303831
32343635396362363362386432383135303132643733313961663164303333363830396166313032
66616534393533376630396434343863623164326330373939616565346666383130373733343339
65356363623133623730303731323164316638313735633961613464646234393463656237393739
37333038306537373961626461663930393361346638386631653239363564313236353738353030
33366436346336633463303039653835376334373236666633373462323962656639326337356663
61336133666563366265636630393135383231646530356231626330643266333239623236613534
33356361303636613162643631306537333436336165333937646139383065383763613031383533
35383465383234323263386335386230313737623962613334653237313432323836326261653834
39636337326332326132636365386333623161663333616130393562623237313331303730303164
66663564613664616561346461343564376564386263386130663666643635346666323439353464
34353561306566396330626339636435316264343565646335623432656638393263333536343633
39313461353833363032323131643238646638333537623831656363336666393736316361396163
31366238643465613538633664376565326137666435313235653232623835306133383065303539
62383533383334653762353762366165386534303261343666353532353735633763306564383239
63633266663739633766613662306137386235613437656661383335623939363565626464323366
36613764653364356330656130636562386234636163623636666235343837363834383334646465
35316237663262336235343732383036316162633333376261386436303737313032396237356332
63376265346637313165663539373662346466306634313039396265386232393633626162333334
31336634643733633835633434356132333938303031376532623562393662363637313562373664
30663565303636616235366631376462366333623333336566353730663666323738306362383030
32313232303465623431343639323763613262613362653038616633373338643164363861613438
31373464313864383431316530373532323531343432393365376430363162336138323235313935
38356166653634653531383565646161646531396332383337616565376538386331356532646265
30613164653962303966313063303365336435656537643764346132363466383631303065333431
35366638346666653537333131383938343435356365353861353531316133346466643036383666
65633234323638646136313533653061613530666230303466393534383334636534613130646232
39313334323636393339643431613538333161373539643361346430303964373661323964316239
63643739303335616139616338333736633934386235313537666236363733643565646135393066
34646439313663623830626232333938353537616566373062383766313734376464323637366130
34626334393666373730376639663538616163313637393065343735613332363131396636353735
37643661633930656137616634636135613538373936333635316135626333383036666632383036
61643563353165333732396633303734373235646466336333326332363034383131333235623432
30636235383831393861653432643633663736623863633736303438613232643735643733393539
61393133323563306636646332333462616532353533656461323536653331626133393030666138
63653961313830343231656130663833313039353337656635663766336265356664633561613863
37343532663536383133633631323663373633393734366562303238376661363461313730633936
33353231626430666238383636633134333430303638646264373165386336633265303435623037
37323936393566363562363863396336356562303037363961393932396565386265383161306364
31636361636135343462666364323566613263326562356533353061333263636561393832663330
64393762343636363764626234343266613462303833616262613139643531386230353632623538
31326239363139613364653362323230663264656361393333393431633133373262616534353562
63303461623435633731643864363162346563333038376535636133323835343537666535306164
37643338613633666639363036383662386239396433366339643336393265353632313464323137
37633662333462393038343835363937383466353962653436623631636265313461373665313830
64386437616230646264363164363966613862306261333666346463303530356562336133633165
30323435343536313062306135313236646635653234376133306135343338386362333037346638
61353039303637336263306639393062633437323733616366363736363239366536666231383461
34663932386565363665313662373030336438663761633832373338343436663032373539363139
39396436623635303939623535303331646637646439663032626533303436383663363734636166
33316463663230656534616566336337363262336561393262376363363763326431323161323334
30346431306632356565316535613731326137383238346162666431336262333234346562653765
31613438633863346231653531376137326532303964316436343864383565323933643838383038
65376239303931333861313433383063613836643262656231666138323831373638613638663739
36363739313235376538646361373761383133613361626335623637656239663636336230386263
31363431373939393066386336326362376637666632323133613434333434613563383361653031
33616231316561356436323839633066353531666534323735383930313933346162313135343539
65656561346538353430663431363566336234653638613665363831303539643261363962366238
36313735653863366561633330366235663035306431656133313837666239383861323631373862
34343063303661313838623565336337636136313964353066616530613631383031346435363133
31393433336135346431653664653633636437633266656165313061336538303336393635353435
39383731356463353934613861313233326530393930626363373039383531333865623834666365
33656661616331653564386331633636353039393034613561626630396232313237616331653930
63623263343634373636333238346335366164373561313434323764656563393639363461663531
63646466313236643931666433666662386533356166363833613832393737303766626362346438
65313666353039653231643264653934653166383865393065386534343766353265363163646266
38316537623439366134636261303233633238333234656364363165653632626633623633356565
61343764353031346263323836643035343732633566343362383763663433613835316563646135
30373630376464303338343534333637383066653464666137306166376239393765396535383434
65633565323630333635353136313362366662366462363633396365303931313861393834366366
31336535393666346338303432313638653138643738333132373662636130343861353766316232
63643230363364626236353565626536366632643661643562333435353363633461306136666664
65346131343463636566633136376363376330393662383839663930396331353761326232376463
66373134636166623133316636616164633731373839623666363239653264386231663033646139
35303031313939376532316133653133393462386366633262613135623662366661303966396637
33623834666230373866646264306464653764316336363864323537343436396136626331343361
36303630336433303638303739393531333834383231383432646362613133646232663438393434
32306561393130316634336135323863323864346533613638363131383263363064396234343035
3261616436366362623631613533386161313834393633396535
