$ANSIBLE_VAULT;1.1;AES256
62326339653731323163313932393463363661636366643363323030656336353338316636666333
6236376231396236333965666130373131326238353362660a326639653834623235366464653630
36643133323664376534366662336439316232653834363764623365363135616564636465356162
3761636437663730330a643163343232313236616633326636613765623032623466363130353539
65663463663539353162336632626430656162373036616666396131353666306631613463356364
39663733326437363762653262643762666265653531626639386335346166346536366435363630
65666664663432323638313239663237373066346539643735373461336661373837633733303565
39646163386435363864336136623262336234333861323330623936316637656231353239626139
64356161393962643666633734663735386263653930376236386532646161333833343561343864
35333262383063383136303961653636643034613164623365653230336232393132623434383434
30356430366532343137336365323661363966356435643338336361303535333538383162386536
34653635633661396136396263626433346430383237373239373964653336306635643639373332
37663239316435393735356232633666313635316639653630396334666332373432333737363363
30643730326538633733306332653639376235363636633130393931623332663938653361306630
66663433326236653239326237363061666562633730613765653437353764313537626133393239
31653164363331323735366463323861396537343338343834653866633837303032656534333034
31616638316434613866613835373034343264653233353635343137323031343339393431376134
35306539623661653338326432626230623234653236373339363864663265383336303034303737
34373662346535613431373965303231323139396532376436373663643030326435343437373765
31353538313466383834313164363338393233306364316165356466316464343430303264363135
36636366313635663065633632613338343063353061373362386532333036356235373966346561
37386263303163363065623466626365326263663730356265613331626361353862396636386538
35353937386161373137353632313761343334626132633838663236343636663737613434623265
62373536343431333131316230313233306135366332653934373861333239393230356638363337
36353537393930396532613539653065306332666166343134663162326536383338633133373839
38393762393461616336643139323931633434663438633730636138376665663232613534313533
64626662353761363639653066656465653930663230333264323433363161623633316132366561
32373931646362343564626466663634336533636261363638363833306133336639333561616565
34663733313539643433353437343263396161386435626163323563663638336162363361313762
65316633363566323631313133663336643638346630333237356335653962333137313230646338
34656162356231376536616339613966643533666465376562386365343036656163333666366637
36386232313535313037383263303834646530653639663938653536326438623732373464386438
65366436653837626137356261623732613331306231656639356634383563393861636639306535
65346534303033343931336431616664346365303139636634636632383736653338333330333561
65666664333137356362623431353137373164333337633332396438393266393961353738363866
35376435623265636138663761303637353535353565383864333837343564306634623364653933
38306566396266633033373065636433663263636333353132633336646362613730393937356130
64663138353035663866356463616431393730623865353265323463366335386262656661613264
32656237343331663434333534346539373434363939306365323162373739356130326530623064
64353465336632613939626465643537363131323333623938353130633034313662363164393837
65346430373232363432626233393066303266336564663839643539643233663539663162663264
64343431303739613062356235306239666132666135643931633364323535633661666339326563
38353165623630316639313731393830616464313836313466663435306538663864366364306435
30663566346164666235393765646635356361336663643138613036396132323336633432356634
63636334383261383333393763346562383831303932323933336561653963376531353932646462
30373636333633656661333136386664333431393131326536653838393763613233323939663562
32323333316163366239306437636162656435326139393434386131393530306566646233313434
36373034643764373337396564396164336634323962363536616538323834373337653564663735
37366239393466366232326561346131383531356235633161663731613231376136333666643132
38396336323362636666376161343033323838363137623735653834623532383636366261373433
37383461636461336133373932366537376561356137363431393965366234333663633362663961
33373230626364613665643834386631663864663531356432363964366563343862316630336636
66353136666261626564353161393932616666326537643233616439306461393962393661626661
61613462366361393237626532353762626233613762393662313439383530316362376434323638
34333532613239663339633135376638303832343463386364396433356131653365323935653132
64303335626539323130353332343563353539306431636138396566373066613939646665303935
30396635323833373237343137633365336632633131346330633438383735376532623933643364
63636638643834653964643233386264636361396261623865636232613932396562306331616664
35366364303436363432616563616464616561333030333133616266363630366139343265343230
38613137383234396330333438393361656536316337343939346230373765376333666236643537
35326164376535363032633264633730323964316330336134613436383066613366613335363933
63333564366439326139396661306130346464363530353962386434643865393138636331326435
31646231343132363164636339663566626536396630313030373164636564373734363233326431
34326161343962626431653464363739623935626463636331306636646130636362646636663064
37303062376364316134616136393835383162613361346632333663373030373631366230343437
38326237336532363133613236366132626466336236666534396435643735323933643130353035
36353230383064343237633439383532663165623663393365653132316136633339376630613332
66346633643764313437383235313036316239396438623236636435643035346561366564353436
64353133326534633862643165666639353566356433306662343833653034386433383365363435
37383839623739656564653931353737646334333238633761353534623662653730656235363661
38306466306564383935316435656233366535373866633062333030646437373731633564313536
31323933636664366637383932633236663132383735343930383338393230653463326339396362
61363965323838303237316335373864376231663033333637396336393366316532306136393334
65666435346437373131613931396435346336633639363864636537626334633036613266386330
30366631643931636165353866343337353761313763323564633766666366636136313835626363
34653136386330373962383864323461393865646434373663333862643236383031626666626238
61366362303062623833363461653536666665356161373463356134643065313433323766383737
61356139643163346339343135336165636336343463366434396161656639643630613935623339
64656461616130316539343330343334663830366562633563343762323161393239363037313837
37353861633865646665393230306362356533613033633638623731383136343734373061646235
38356636656631633638366561316266646536346234366139396263356165323433633661616663
65346334633462623838316331616366636238396263633064316632303564336565303732303965
37373736653862653561303733366639396439646334316136383938303636353637373263316238
31633734376338646532326663363361626538386231383234316637323135323139356265646333
66373231383965653466313939653961383034326338643832366635376538363662356138386436
64356336343061323334366365306438393835396264376364316665356639626130623334313239
34393838616462643565616364653733613337343636643265656238633765633362316532386561
64623633373435366234323866396632363063323437383135363938316136626634393230386331
32666337336532633938313131306430323734333639306363383132626637353538663864346130
37353561363766376138663263356138303632633931636236666335653166653462626365333733
63643965333437336566303561386636613131626364313362616665653766323263313433316238
30323638396335616465356333623161323062656330386636303835613836663961336137633662
38663634646336386435376666653564303763313339383864393431393435643433306266626234
61336336333562363838653331643830633437626536323762336235396531623861633364363762
363032653164353434656535636131626132
