$ANSIBLE_VAULT;1.1;AES256
38303030666364653233323161656561646235396462626535313262333363333537646363346532
6434633237333839636436623135323537323636336630620a333637323331313162363666653062
39323936303739316265383834386336396462386339366366663135636363383434653137336433
3035643163653038380a376363366662646534373336656332636462636636303764333336393463
38356166666634366430306561626136373030623462646165326338643065636133626464396337
35663365393834343631383338613834623066613562396463613938393861643735386466343636
39653932376637643164626130386565373931323839383232616632303935353130656635646233
38663334346365656135356664663164323032393035326161333762646234616531633439626232
34306665353663316138636633303238363935316161363565396435376665323936656365346231
62373063356331333361316266333732653638336132313162373337326438616363306634313066
32366165633263303832346432306232386132353665303431633032633933616263616163666330
62346130653465626137383133616662663930333936343964393330363035346439316636306338
61626564346262626231643831633336626632373466366364353735363266633833626164363134
3337386665623465303433333438303934333230343538633439
